0 0.000000
1 0.000000
2 0.000000
3 0.000000
4 0.000000
5 0.000000
6 0.056495
7 0.064842
8 0.056495
9 0.000000
10 0.000000
11 0.000000
12 0.079109
13 0.000000
14 0.096891
15 0.191287
16 0.205347
17 0.176198
18 0.176198
19 0.166554
20 0.159832
21 0.176198
22 0.173040
23 0.176198
24 0.199832
25 0.173040
26 0.185386
27 0.194168
28 0.182376
29 0.197020
30 0.176198
31 0.179307
32 0.185386
33 0.185386
34 0.185386
35 0.179307
36 0.169822
37 0.182376
38 0.188356
39 0.194168
40 0.199832
41 0.199832
42 0.176198
43 0.194168
44 0.179307
45 0.182376
46 0.191287
47 0.191287
48 0.191287
49 0.191287
50 0.191287
51 0.199832
52 0.197020
53 0.199832
54 0.197020
55 0.199832
56 0.182376
57 0.129802
58 0.102188
59 0.116743
60 0.116743
61 0.145525
62 0.169822
63 0.129802
64 0.129802
65 0.145525
66 0.194168
67 0.218574
68 0.156366
69 0.156366
70 0.169822
71 0.205347
72 0.226168
73 0.243040
74 0.245356
75 0.226168
76 0.210723
77 0.179307
78 0.188356
79 0.188356
80 0.169822
81 0.221129
82 0.213366
83 0.208050
84 0.213366
85 0.159832
86 0.169822
87 0.129802
88 0.149218
89 0.163228
90 0.152832
91 0.137871
92 0.145525
93 0.156366
94 0.194168
95 0.166554
96 0.169822
97 0.152832
98 0.156366
99 0.179307
100 0.166554
101 0.182376
102 0.182376
103 0.176198
104 0.185386
105 0.194168
106 0.188356
107 0.191287
108 0.191287
109 0.194168
110 0.191287
111 0.166554
112 0.179307
113 0.191287
114 0.191287
115 0.185386
116 0.173040
117 0.179307
118 0.166554
119 0.159832
120 0.166554
121 0.152832
122 0.152832
123 0.159832
124 0.156366
125 0.163228
126 0.166554
127 0.169822
128 0.166554
129 0.173040
130 0.173040
131 0.179307
132 0.179307
133 0.163228
134 0.169822
135 0.173040
136 0.173040
137 0.182376
138 0.182376
139 0.191287
140 0.179307
141 0.188356
142 0.191287
143 0.188356
144 0.197020
145 0.179307
146 0.191287
147 0.185386
148 0.145525
149 0.159832
150 0.185386
151 0.205347
152 0.218574
153 0.233535
154 0.221129
155 0.197020
156 0.182376
157 0.166554
158 0.173040
159 0.194168
160 0.179307
161 0.179307
162 0.176198
163 0.179307
164 0.169822
165 0.182376
166 0.199832
167 0.191287
168 0.188356
169 0.185386
170 0.191287
171 0.185386
172 0.173040
173 0.163228
174 0.176198
175 0.173040
176 0.156366
177 0.169822
178 0.202604
179 0.202604
180 0.191287
181 0.179307
182 0.185386
183 0.185386
184 0.169822
185 0.169822
186 0.166554
187 0.169822
188 0.173040
189 0.194168
190 0.197020
191 0.199832
192 0.205347
193 0.185386
194 0.188356
195 0.188356
196 0.173040
197 0.179307
198 0.173040
199 0.182376
200 0.185386
201 0.197020
202 0.202604
203 0.208050
204 0.205347
205 0.205347
206 0.197020
207 0.199832
208 0.188356
209 0.179307
210 0.159832
211 0.179307
212 0.231099
213 0.213366
214 0.185386
215 0.223663
216 0.235941
217 0.218574
218 0.228644
219 0.169822
220 0.179307
221 0.202604
222 0.221129
223 0.208050
224 0.215990
225 0.188356
226 0.173040
227 0.176198
228 0.163228
229 0.173040
230 0.173040
231 0.182376
232 0.169822
233 0.188356
234 0.179307
235 0.176198
236 0.185386
237 0.176198
238 0.173040
239 0.163228
240 0.163228
241 0.185386
242 0.182376
243 0.202604
244 0.208050
245 0.205347
246 0.185386
247 0.218574
248 0.221129
249 0.226168
250 0.156366
251 0.159832
252 0.141743
253 0.159832
254 0.185386
255 0.179307
256 0.163228
257 0.156366
258 0.141743
259 0.133891
260 0.149218
261 0.145525
262 0.091317
263 0.152832
264 0.149218
265 0.141743
266 0.152832
267 0.191287
268 0.176198
269 0.173040
270 0.149218
271 0.149218
272 0.156366
273 0.116743
274 0.156366
275 0.116743
276 0.145525
277 0.129802
278 0.208050
279 0.085416
280 0.000000
281 0.000000
282 0.000000
283 0.000000
284 0.000000
285 0.000000
286 0.000000
287 0.000000
288 0.000000
289 0.000000
290 0.000000
291 0.000000
292 0.000000
293 0.000000
294 0.000000
295 0.000000
296 0.000000
297 0.000000
298 0.000000
299 0.000000
300 0.000000
301 0.000000
302 0.000000
303 0.000000
304 0.000000
305 0.000000
306 0.000000
307 0.000000
308 0.000000
309 0.000000
310 0.000000
311 0.000000
312 0.000000
313 0.000000
314 0.000000
315 0.000000
316 0.000000
317 0.000000
318 0.000000
319 0.000000
320 0.000000
321 0.000000
322 0.000000
323 0.000000
324 0.000000
325 0.000000
326 0.000000
327 0.000000
328 0.000000
329 0.000000
330 0.000000
331 0.000000
332 0.000000
333 0.000000
334 0.000000
335 0.000000
336 0.000000
337 0.000000
338 0.000000
339 0.000000
340 0.000000
341 0.000000
342 0.000000
343 0.000000
344 0.000000
345 0.000000
346 0.000000
347 0.000000
348 0.000000
349 0.000000
350 0.000000
351 0.000000
352 0.000000
353 0.000000
354 0.000000
355 0.000000
356 0.000000
357 0.000000
358 0.000000
359 0.000000
360 0.000000
361 0.000000
362 0.000000
363 0.000000
364 0.000000
365 0.000000
366 0.000000
367 0.000000
368 0.000000
369 0.000000
370 0.000000
371 0.000000
372 0.000000
373 0.000000
374 0.000000
375 0.000000
376 0.000000
377 0.000000
378 0.000000
379 0.000000
380 0.000000
381 0.000000
382 0.000000
383 0.000000
384 0.000000
385 0.000000
386 0.000000
387 0.000000
388 0.000000
389 0.000000
390 0.000000
391 0.000000
392 0.000000
393 0.000000
394 0.000000
395 0.000000
396 0.000000
397 0.000000
398 0.000000
399 0.000000
400 0.000000
401 0.000000
402 0.000000
403 0.000000
404 0.000000
405 0.000000
406 0.000000
407 0.000000
408 0.000000
409 0.000000
410 0.000000
411 0.000000
412 0.000000
413 0.000000
414 0.000000
415 0.000000
416 0.000000
417 0.000000
418 0.000000
419 0.000000
420 0.000000
421 0.000000
422 0.000000
423 0.000000
424 0.000000
425 0.000000
426 0.000000
427 0.000000
428 0.000000
429 0.000000
430 0.000000
431 0.000000
432 0.000000
433 0.000000
434 0.000000
435 0.000000
436 0.000000
437 0.000000
438 0.000000
439 0.000000
440 0.000000
441 0.000000
442 0.000000
443 0.000000
444 0.000000
445 0.000000
446 0.000000
447 0.000000
448 0.000000
449 0.000000
450 0.000000
451 0.000000
452 0.000000
453 0.000000
454 0.000000
455 0.000000
456 0.000000
457 0.000000
458 0.000000
459 0.000000
460 0.000000
461 0.000000
462 0.000000
463 0.000000
464 0.000000
465 0.000000
466 0.000000
467 0.000000
468 0.000000
469 0.000000
470 0.000000
471 0.000000
472 0.000000
473 0.000000
474 0.000000
475 0.000000
476 0.000000
477 0.000000
478 0.000000
479 0.000000
480 0.000000
481 0.000000
482 0.000000
483 0.000000
484 0.000000
485 0.000000
486 0.000000
487 0.000000
488 0.000000
489 0.000000
490 0.000000
491 0.000000
492 0.000000
493 8379748365955.251000
494 211727637209435030000000000000000000000000000000000000000.000000
495 0.000000
496 0.000000
497 83954060253446120000000.000000
498 0.000000
499 -1.#QNAN0
500 1951.291156
501 19547120410589.219000
502 0.000000
503 0.000000
504 0.000000
505 0.000000
506 0.000000
507 0.000000
508 0.000000
509 0.000000
510 0.000000
511 0.000000
512 -9254613030418760800000000000000.000000
513 0.000000
514 0.000000
515 0.000000
516 0.000000
517 0.000000
518 0.000000
519 -1.#QNAN0
520 0.000000
521 0.000000
522 0.000000
523 0.000000
524 0.000000
525 0.000000
526 0.000000
527 0.000000
528 -1.#QNAN0
529 0.000000
530 -26720247325468200000000000000.000000
531 0.000000
532 0.000000
533 0.000000
534 0.000000
535 0.000000
536 0.000000
537 0.000000
538 0.000000
539 -1.#QNAN0
540 0.000000
541 0.000000
542 0.000000
543 0.000000
544 1995709773642573300000000000000000000000000000000000000000.000000
545 0.000000
546 0.000000
547 0.000000
548 0.000000
549 0.000000
550 0.000000
551 0.000000
552 0.000000
553 0.000000
554 0.000000
555 0.000000
556 0.000000
557 0.000000
558 0.000000
559 0.000000
560 0.000000
561 0.000000
562 0.000000
563 0.000000
564 0.000000
565 0.000000
566 0.000000
567 0.000000
568 0.000000
569 0.000000
570 0.000000
571 0.000000
572 0.000000
573 0.000000
574 0.000000
575 0.000000
576 0.000000
577 0.000000
578 0.000000