0.000
0.000
0.000
0.000
0.000
0.000
0.000
0.000
0.000
0.000
0.000
0.000
0.000
0.000
0.000
0.000
0.000
0.000
0.000
0.000
8.627
17.796
21.013
21.013
13.110
10.321
14.698
12.684
11.791
12.245
15.793
11.321
11.791
13.110
15.793
9.786
15.071
13.523
15.071
12.245
17.477
18.420
17.796
18.420
19.320
19.611
15.436
16.486
14.316
16.143
15.071
16.486
15.436
14.316
9.223
17.152
14.698
16.486
15.071
15.436
13.523
11.791
14.316
12.684
15.793
11.791
16.486
15.436
18.110
16.143
18.724
16.143
16.143
12.684
14.316
13.523
16.143
12.684
15.793
17.796
22.843
22.590
22.334
23.587
22.076
21.283
18.724
19.320
20.740
19.611
21.013
20.740
20.463
18.420
18.420
18.110
18.724
14.316
16.486
13.925
16.486
14.698
17.477
16.822
17.796
16.822
18.724
17.152
17.796
17.152
18.110
18.724
19.024
16.486
17.152
17.152
18.420
17.152
17.477
17.477
17.477
19.024
16.486
18.724
17.796
19.024
17.477
19.320
19.024
22.334
21.815
22.334
21.013
21.550
22.334
20.183
20.463
18.110
18.110
16.143
17.152
20.463
23.093
23.830
22.076
22.843
23.830
24.071
22.590
21.550
18.724
19.320
21.550
22.843
23.341
23.587
18.110
14.316
16.143
17.152
18.110
16.143
19.024
20.740
20.183
20.740
19.899
19.611
20.740
20.463
20.740
19.899
21.013
21.013
20.463
20.740
19.899
19.611
18.724
19.899
18.420
19.611
17.477
19.320
18.110
18.110
17.477
18.110
19.024
20.463
19.024
19.024
18.724
18.724
20.740
19.611
20.183
19.320
19.899
18.724
19.611
19.611
17.477
18.420
17.152
18.110
16.822
16.822
17.152
16.822
17.152
18.724
18.724
17.477
18.724
18.110
18.110
18.724
19.320
20.183
20.463
19.611
20.463
18.420
17.152
15.071
15.793
14.698
17.477
17.477
17.796
17.477
16.486
17.796
17.477
19.024
18.724
20.740
19.320
19.320
18.724
17.477
19.024
21.013
19.320
20.183
20.183
19.024
18.420
17.152
17.152
17.152
18.110
16.486
17.796
17.796
18.110
19.024
18.110
18.110
19.611
19.024
17.477
18.110
16.822
18.110
18.420
17.796
19.899
20.740
22.334
24.310
23.587
23.093
22.076
22.334
20.740
20.183
18.724
17.477
16.143
14.316
14.698
17.152
18.724
18.420
19.320
18.724
18.110
19.024
19.899
19.899
19.024
20.183
19.320
19.024
19.024
18.420
18.110
18.110
19.320
17.477
18.420
18.110
18.420
18.110
17.477
17.796
17.477
18.420
17.152
16.486
16.486
15.793
18.110
18.110
18.110
18.420
17.477
17.477
17.477
16.486
16.822
18.110
17.152
17.796
16.822
17.152
16.486
15.793
15.793
15.436
16.143
15.436
15.436
15.436
15.436
15.793
16.822
16.486
16.143
16.486
16.822
17.477
18.110
18.110
17.477
18.420
18.724
19.320
19.320
19.611
19.320
19.024
18.110
18.110
16.822
19.024
19.320
19.611
19.611
19.899
19.320
18.110
19.320
18.420
19.024
21.013
19.611
19.611
18.724
18.420
17.796
17.796
18.420
17.477
18.420
17.152
16.822
17.152
18.110
16.822
15.793
15.436
15.436
18.110
17.152
17.152
16.822
18.110
19.611
16.822
15.793
15.436
14.698
14.698
13.925
15.436
15.436
17.152
16.486
15.793
15.071
13.110
13.110
14.698
17.152
16.486
16.143
17.477
21.550
22.334
21.013
21.013
21.550
21.013
22.334
19.899
17.152
18.724
19.024
19.320
19.024
18.420
18.110
19.611
21.283
22.590
22.843
25.245
24.781
24.547
24.547
22.843
22.843
22.076
20.740
19.024
17.152
18.110
15.793
15.793
15.793
17.477
22.076
19.899
19.611
18.110
14.698
15.793
13.110
14.316
13.110
12.684
17.152
17.152
14.698
13.523
11.791
12.684
11.791
11.791
10.321
11.791
13.110
15.436
18.420
17.796
20.183
20.183
19.899
21.815
20.183
21.283
19.899
19.320
20.183
19.320
19.320
19.024
19.320
20.463
19.320
17.477
19.320
19.611
19.320
17.152
18.420
16.143
18.110
20.183
19.611
20.740
17.796
20.183
20.183
20.183
20.183
19.320
19.611
18.724
19.024
19.024
18.420
19.024
17.152
19.611
18.110
18.724
18.724
17.796
18.724
17.477
18.724
18.420
18.110
18.420
17.796
19.024
19.899
19.024
18.420
18.420
19.611
19.024
18.724
19.024
17.477
19.024
20.183
19.611
17.796
18.110
17.477
17.477
17.796
17.477
16.143
17.477
16.822
18.110
17.796
17.796
17.796
17.796
20.740
18.110
19.320
18.420
9.786
0.000
0.000
0.000
7.990
0.000
0.000
0.000
0.000
0.000
0.000
0.000
5.706
6.549
6.549
7.302
5.706
0.000
0.000
0.000
0.000
0.000
0.000
0.000
0.000
0.000
0.000
0.000
